function mpc = case33bw
%CASE33BW  Power flow data for 33 bus distribution system from Baran & Wu
%   Please see CASEFORMAT for details on the case file format.
%
%   Data from ...
%       M. E. Baran and F. F. Wu, "Network reconfiguration in distribution
%       systems for loss reduction and load balancing," in IEEE Transactions
%       on Power Delivery, vol. 4, no. 2, pp. 1401-1407, Apr 1989.
%       doi: 10.1109/61.25627
%       URL: https://doi.org/10.1109/61.25627

%% MATPOWER Case Format : Version 2
mpc.version = '2';

%%-----  Power Flow Data  -----%%
%% system MVA base
mpc.baseMVA = 10;

%% bus data AW edit to get into correct p.u. following comments 120-123
%	bus_i	type	Pd	Qd	Gs	Bs	area	Vm	Va	baseKV	zone	Vmax	Vmin
mpc.bus = [ %% (Pd and Qd are specified in kW & kVAr here, converted to MW & MVAr below)
	1.0000    3.0000         0         0         0         0    1.0000    1.0000         0   12.6600    1.0000    1.0000    1.0000;
    2.0000    1.0000    0.1000    0.0600         0         0    1.0000    1.0000         0   12.6600    1.0000    1.1000    0.9000;
    3.0000    1.0000    0.0900    0.0400         0         0    1.0000    1.0000         0   12.6600    1.0000    1.1000    0.9000;
    4.0000    1.0000    0.1200    0.0800         0         0    1.0000    1.0000         0   12.6600    1.0000    1.1000    0.9000;
    5.0000    1.0000    0.0600    0.0300         0         0    1.0000    1.0000         0   12.6600    1.0000    1.1000    0.9000;
    6.0000    1.0000    0.0600    0.0200         0         0    1.0000    1.0000         0   12.6600    1.0000    1.1000    0.9000;
    7.0000    1.0000    0.2000    0.1000         0         0    1.0000    1.0000         0   12.6600    1.0000    1.1000    0.9000;
    8.0000    1.0000    0.2000    0.1000         0         0    1.0000    1.0000         0   12.6600    1.0000    1.1000    0.9000;
    9.0000    1.0000    0.0600    0.0200         0         0    1.0000    1.0000         0   12.6600    1.0000    1.1000    0.9000;
   10.0000    1.0000    0.0600    0.0200         0         0    1.0000    1.0000         0   12.6600    1.0000    1.1000    0.9000;
   11.0000    1.0000    0.0450    0.0300         0         0    1.0000    1.0000         0   12.6600    1.0000    1.1000    0.9000;
   12.0000    1.0000    0.0600    0.0350         0         0    1.0000    1.0000         0   12.6600    1.0000    1.1000    0.9000;
   13.0000    1.0000    0.0600    0.0350         0         0    1.0000    1.0000         0   12.6600    1.0000    1.1000    0.9000;
   14.0000    1.0000    0.1200    0.0800         0         0    1.0000    1.0000         0   12.6600    1.0000    1.1000    0.9000;
   15.0000    1.0000    0.0600    0.0100         0         0    1.0000    1.0000         0   12.6600    1.0000    1.1000    0.9000;
   16.0000    1.0000    0.0600    0.0200         0         0    1.0000    1.0000         0   12.6600    1.0000    1.1000    0.9000;
   17.0000    1.0000    0.0600    0.0200         0         0    1.0000    1.0000         0   12.6600    1.0000    1.1000    0.9000;
   18.0000    1.0000    0.0900    0.0400         0         0    1.0000    1.0000         0   12.6600    1.0000    1.1000    0.9000;
   19.0000    1.0000    0.0900    0.0400         0         0    1.0000    1.0000         0   12.6600    1.0000    1.1000    0.9000;
   20.0000    1.0000    0.0900    0.0400         0         0    1.0000    1.0000         0   12.6600    1.0000    1.1000    0.9000;
   21.0000    1.0000    0.0900    0.0400         0         0    1.0000    1.0000         0   12.6600    1.0000    1.1000    0.9000;
   22.0000    1.0000    0.0900    0.0400         0         0    1.0000    1.0000         0   12.6600    1.0000    1.1000    0.9000;
   23.0000    1.0000    0.0900    0.0500         0         0    1.0000    1.0000         0   12.6600    1.0000    1.1000    0.9000;
   24.0000    1.0000    0.4200    0.2000         0         0    1.0000    1.0000         0   12.6600    1.0000    1.1000    0.9000;
   25.0000    1.0000    0.4200    0.2000         0         0    1.0000    1.0000         0   12.6600    1.0000    1.1000    0.9000;
   26.0000    1.0000    0.0600    0.0250         0         0    1.0000    1.0000         0   12.6600    1.0000    1.1000    0.9000;
   27.0000    1.0000    0.0600    0.0250         0         0    1.0000    1.0000         0   12.6600    1.0000    1.1000    0.9000;
   28.0000    1.0000    0.0600    0.0200         0         0    1.0000    1.0000         0   12.6600    1.0000    1.1000    0.9000;
   29.0000    1.0000    0.1200    0.0700         0         0    1.0000    1.0000         0   12.6600    1.0000    1.1000    0.9000;
   30.0000    1.0000    0.2000    0.6000         0         0    1.0000    1.0000         0   12.6600    1.0000    1.1000    0.9000;
   31.0000    1.0000    0.1500    0.0700         0         0    1.0000    1.0000         0   12.6600    1.0000    1.1000    0.9000;
   32.0000    1.0000    0.2100    0.1000         0         0    1.0000    1.0000         0   12.6600    1.0000    1.1000    0.9000;
   33.0000    1.0000    0.0600    0.0400         0         0    1.0000    1.0000         0   12.6600    1.0000    1.1000    0.9000;
];

%% generator data
%	bus	Pg	Qg	Qmax	Qmin	Vg	mBase	status	Pmax	Pmin	Pc1	Pc2	Qc1min	Qc1max	Qc2min	Qc2max	ramp_agc	ramp_10	ramp_30	ramp_q	apf
mpc.gen = [
	1	0	0	10	-10	1	100	1	10	0	0	0	0	0	0	0	0	0	0	0	0;
];

%% branch data AW edit to get into correct p.u. following comments 120-123
%	fbus	tbus	r	x	b	rateA	rateB	rateC	ratio	angle	status	angmin	angmax
